99946
188215
367025
610416
662498
752894
803652
885615
1148640
1209986
1212653
1328483
1449642
1498082
1529324
1557035
1570823
1581842
1592094
1676066
2007332
2007410
2133086
2168716
2289978
2320887
2720061
3142333
3210879
3247732
3292179
3296776
3387916
3470997
3697955
3698926
3842855
3845575
3943030
3971874
4194659
4197707
4257449
4287616
4327375
4379347
4396119
4709509
4780487
4787995
4854291
4996533
5094208
5156240
5167583
5173946
5222724
5235312
5492826
5561838
5569883
5599645
5665211
5669126
5701006
6455416
6455856
6643550
6768468
6786726
6877537
7111636
7135448
7353102
7412869
7414048
7522370
7646712
7709519
7832373
8414125
8424410
8578914
8671898
8826526
8950013
8987295
9012988
9054885
9257408
9370002
9574485
9769700
9867789
